0.0912299 0.0878185 0.0912687 0.0861672 0.0907663 0.0910265 0.0894873 0.0929284 0.0899247 0.0886973 0.0928029 0.0884623 0.0926827 0.0890326 0.0887427 0.0904434 0.0942144 0.094572 0.0912228 0.0927955 0.0932778 0.0904699 0.0930766 0.0880642
0.0933353 0.0904497 0.0930968 0.0869527 0.0932147 0.0933211 0.0912221 0.0951413 0.093168 0.0914042 0.0956056 0.0894936 0.0932919 0.0907271 0.0900635 0.0933746 0.0966059 0.0954767 0.0935115 0.0945617 0.095778 0.0936985 0.0952413 0.090315
0.0929841 0.0894195 0.0938946 0.0867196 0.0968221 0.0921953 0.0905302 0.0935933 0.0903686 0.0893535 0.0954627 0.0873254 0.0937316 0.0901492 0.0919376 0.0940207 0.0957266 0.0945385 0.0901007 0.0961559 0.0954307 0.0932063 0.094948 0.0875834
0.0934134 0.0895868 0.093704 0.0878154 0.0936676 0.0944099 0.0915287 0.0951847 0.0932895 0.0905225 0.0956937 0.0891599 0.094394 0.0911301 0.0906503 0.0929973 0.0962015 0.0959854 0.0937783 0.0944777 0.0950213 0.0935158 0.0958703 0.0908555
0.093162 0.0905849 0.0935563 0.0867784 0.094099 0.0933692 0.091531 0.094697 0.0923104 0.0893207 0.0953099 0.0892216 0.0935789 0.0910244 0.0914899 0.0929187 0.0959118 0.0949898 0.0940172 0.0949319 0.0955323 0.0926687 0.0950853 0.0902636
0.0917034 0.0894661 0.0908181 0.0859053 0.091977 0.0916858 0.0907356 0.0932338 0.0916901 0.089319 0.0939469 0.0882866 0.0913828 0.0905951 0.0886509 0.0906968 0.095483 0.0930054 0.0929264 0.093161 0.0938899 0.0917304 0.0931829 0.0889385
0.0875842 0.084182 0.088332 0.0810726 0.0881861 0.0871902 0.0862777 0.0893443 0.0869421 0.0850908 0.0885163 0.084997 0.0881544 0.0863258 0.0839854 0.0882363 0.0895561 0.0887271 0.0897593 0.0898171 0.0892657 0.0865125 0.0886035 0.0852472
0.0920782 0.0890385 0.0919535 0.0867347 0.0934102 0.0917484 0.0908348 0.0934125 0.0912428 0.0897588 0.0933516 0.0883549 0.092339 0.0900744 0.0897819 0.0917735 0.0946752 0.0942868 0.0927061 0.0946869 0.0950057 0.0920566 0.0928527 0.089768
0.120804 0.118585 0.121905 0.113496 0.121921 0.119 0.122134 0.121349 0.120431 0.122261 0.118246 0.118814 0.12007 0.115936 0.118828 0.120777 0.124274 0.118968 0.119621 0.124864 0.125868 0.117989 0.120676 0.118355
0.124333 0.123526 0.123538 0.118834 0.125842 0.123865 0.122405 0.124148 0.123071 0.126493 0.123457 0.121316 0.125127 0.121253 0.123036 0.12465 0.128099 0.124585 0.123805 0.129623 0.127828 0.121235 0.123101 0.123111
0.0896196 0.0873108 0.0898228 0.0839252 0.0908647 0.088058 0.0877023 0.090321 0.0869627 0.0864052 0.0923391 0.0867981 0.0909796 0.0871702 0.087613 0.0898178 0.0910716 0.0917215 0.0898217 0.0917207 0.0914078 0.0895626 0.0919734 0.0863964
0.0734155 0.0687757 0.0769641 0.0656676 0.0765966 0.0761785 0.0759343 0.0743761 0.0728681 0.0772464 0.0710674 0.0726037 0.0736811 0.0697048 0.0741503 0.0739685 0.0755584 0.0737763 0.0734638 0.0762586 0.0740748 0.0693642 0.0754724 0.0720628
0.0920876 0.0900249 0.0913016 0.0872054 0.093444 0.0914867 0.089426 0.0932501 0.0897163 0.0883075 0.0951481 0.0883255 0.0938102 0.090309 0.089129 0.0917939 0.0945858 0.0950621 0.0916312 0.0933616 0.0933281 0.0931656 0.0941613 0.0893637
0.0958725 0.0932664 0.0949088 0.0918285 0.0960181 0.0965077 0.0933322 0.0972917 0.0948209 0.0929189 0.0978645 0.0914603 0.0970819 0.0936874 0.0925887 0.0953723 0.0983807 0.0981413 0.0956513 0.0967682 0.0970955 0.0963471 0.0971328 0.0929172
0.0770008 0.0742747 0.0803699 0.070725 0.0779448 0.0796334 0.0752802 0.0776085 0.0759488 0.0801467 0.0744566 0.0732291 0.0802637 0.0734892 0.0775738 0.0786337 0.080505 0.0810696 0.0758429 0.0812029 0.0784633 0.0748179 0.0802886 0.0734292
0.0885039 0.0860597 0.0892081 0.0832079 0.0891125 0.0874351 0.0873241 0.0892114 0.0875783 0.0836011 0.0916203 0.0846373 0.0900464 0.0859389 0.0875199 0.0888518 0.0915195 0.090588 0.0901703 0.0907681 0.0898472 0.0889172 0.0914612 0.0851256
0.095286 0.0930736 0.0943209 0.0895874 0.0962028 0.0943363 0.0925542 0.0958556 0.0935618 0.0929795 0.0971772 0.0918608 0.0956777 0.0927603 0.0923179 0.0949792 0.0984069 0.0976581 0.0942361 0.0961705 0.0965884 0.0958767 0.0971289 0.0922057
0.0706201 0.0663875 0.0734392 0.0649286 0.0738832 0.0725955 0.0699321 0.071632 0.0680183 0.0729923 0.072185 0.0662316 0.0706113 0.0689543 0.0738294 0.0698306 0.0717605 0.0718081 0.0723085 0.0735289 0.0730144 0.0686335 0.0728747 0.0675678
0.0865659 0.0826409 0.087479 0.0816919 0.0891593 0.0867239 0.0842591 0.0882629 0.0854427 0.0867342 0.0866611 0.0817016 0.0885274 0.083428 0.0854638 0.0873448 0.0883699 0.0890845 0.0877957 0.0919024 0.0880799 0.084157 0.0872176 0.0837476
0.0806651 0.0776192 0.0810062 0.0758156 0.0836826 0.0824863 0.0771155 0.0815528 0.0785565 0.0800761 0.0815337 0.0758484 0.0816697 0.078938 0.0806458 0.0824439 0.0818992 0.0809795 0.0799075 0.085638 0.0836201 0.0799124 0.0819016 0.0777113
0.0829957 0.0796041 0.0831898 0.0781827 0.0851501 0.084891 0.0798391 0.0837428 0.0814554 0.0834555 0.0836776 0.0779537 0.0836511 0.0810177 0.083204 0.0846984 0.0847878 0.0839608 0.0807711 0.0871849 0.0856967 0.0813702 0.0847833 0.0802603
0.0875551 0.084377 0.0865086 0.0817603 0.0887605 0.0867709 0.0851751 0.0877789 0.0856077 0.0850614 0.0900805 0.0828204 0.0873869 0.0841304 0.0843469 0.0871121 0.0897781 0.0892425 0.088035 0.0893792 0.0894679 0.0876319 0.0917504 0.0847661
0.0546885 0.0527546 0.0566016 0.0499265 0.0566505 0.0540354 0.0524285 0.0543565 0.0523485 0.0538539 0.0558079 0.0493821 0.0524983 0.0526389 0.0547624 0.0555366 0.0572944 0.0582697 0.0534254 0.0548693 0.0565461 0.0561464 0.055335 0.0502886
0.076611 0.0744462 0.0778468 0.0714572 0.081657 0.0758303 0.0731817 0.0765967 0.0738099 0.0752999 0.0805659 0.0707463 0.0758412 0.0725759 0.0774869 0.0771774 0.0784899 0.0786859 0.0756795 0.0801729 0.0797553 0.0772344 0.0798974 0.0717755
0.09011 0.0875188 0.0895904 0.0854102 0.0917803 0.0884193 0.0884542 0.0909748 0.0876379 0.0864929 0.092019 0.0863893 0.0913013 0.0882545 0.0886667 0.0899393 0.0926959 0.0927996 0.0912235 0.0919034 0.091081 0.090074 0.0916639 0.0871292
0.116826 0.115877 0.117671 0.112899 0.117193 0.11681 0.117304 0.11571 0.114866 0.116599 0.115867 0.11333 0.11898 0.115222 0.114861 0.11891 0.119752 0.117697 0.116839 0.120708 0.119442 0.116173 0.11688 0.115638
0.118263 0.115685 0.118551 0.113848 0.117601 0.117725 0.118125 0.116818 0.117097 0.120635 0.118147 0.11288 0.118879 0.116368 0.115813 0.12013 0.121454 0.120616 0.119144 0.122753 0.121976 0.115478 0.118924 0.11546
0.0836782 0.0806915 0.0851612 0.0786662 0.0879187 0.0851857 0.0804411 0.0842195 0.0826489 0.0830548 0.0860052 0.0789911 0.0836791 0.0794428 0.0846672 0.0856611 0.0849342 0.0853168 0.082215 0.0878728 0.0860883 0.0820976 0.0866771 0.0801092
0.127813 0.126042 0.128261 0.121769 0.129818 0.12589 0.127181 0.126214 0.125039 0.128066 0.125644 0.123623 0.128359 0.124363 0.12628 0.130665 0.130353 0.128222 0.126465 0.132052 0.131002 0.12632 0.126012 0.126796
0.0610726 0.0605282 0.0607279 0.0576542 0.061937 0.0618201 0.0584751 0.0625668 0.0612139 0.0615994 0.062788 0.0565171 0.0588253 0.0625182 0.0590844 0.0624669 0.0647094 0.0618565 0.0611645 0.0626433 0.062529 0.0632817 0.0621696 0.0561619
0.0691683 0.0658672 0.0708803 0.064205 0.0706511 0.0703621 0.0666638 0.0689922 0.0655156 0.0687026 0.0713397 0.0659707 0.0680411 0.0675691 0.0693681 0.0696674 0.0705027 0.0695995 0.0710861 0.072378 0.0727884 0.0688745 0.0712719 0.0655894
0.0828148 0.0794232 0.0837583 0.077668 0.0864381 0.0837773 0.0793211 0.0851082 0.0807872 0.0824225 0.0832649 0.0785947 0.0832574 0.0808305 0.082893 0.0838638 0.0833223 0.084278 0.0816124 0.0866518 0.0854823 0.0827627 0.0850084 0.080683
0.0889888 0.0858294 0.0887367 0.0833489 0.0910197 0.0873072 0.0869427 0.0888363 0.0856673 0.0845956 0.0920857 0.0851473 0.0893794 0.08698 0.0871663 0.0885761 0.091108 0.0914457 0.0877789 0.090147 0.0921113 0.0898156 0.0921043 0.0844981
0.0905863 0.0875098 0.091154 0.0846443 0.0912205 0.0889093 0.0885052 0.0921257 0.0889597 0.0867272 0.0920972 0.0867658 0.09134 0.0878899 0.0909006 0.0899083 0.0944972 0.0924254 0.0890159 0.0915601 0.0915346 0.0903178 0.0927834 0.086873
0.0828875 0.0798072 0.0844138 0.0767397 0.0845208 0.0857442 0.0804099 0.0848036 0.0831649 0.0834788 0.0837298 0.0784464 0.0833158 0.0803585 0.0830074 0.0851135 0.0841246 0.0843004 0.0810592 0.088145 0.0848711 0.0798843 0.0851517 0.0808371
0.0811144 0.0784294 0.0821644 0.0761631 0.0837816 0.0835381 0.0772337 0.0823561 0.0803105 0.0819126 0.0821975 0.0766875 0.0820162 0.0777612 0.082303 0.0834755 0.0824451 0.0814939 0.0775872 0.0865032 0.083723 0.0795876 0.0834752 0.0787026
0.080653 0.0772722 0.081801 0.075642 0.0826188 0.082896 0.0759713 0.0809534 0.0788603 0.0811926 0.0825202 0.0744319 0.0813861 0.0783073 0.0818224 0.0822234 0.0819479 0.0826239 0.0797677 0.0860196 0.0817217 0.0785592 0.0834975 0.0773033
0.0816737 0.0788447 0.0820621 0.0781957 0.0833867 0.0841125 0.0796698 0.0829118 0.0807453 0.0804189 0.0842965 0.0780569 0.0806578 0.0799944 0.0821733 0.0829709 0.0837125 0.0822406 0.0812819 0.0861089 0.0847496 0.0804056 0.0840698 0.0783029
0.0852807 0.0811029 0.0864959 0.079025 0.0871586 0.0872534 0.0826257 0.0860788 0.0840877 0.0857216 0.0861634 0.0820059 0.0849079 0.0846845 0.0850304 0.0868828 0.0876506 0.0848089 0.0856871 0.088843 0.0874883 0.08341 0.0867058 0.0833887
0.0822954 0.0788517 0.0838864 0.0785268 0.0850894 0.0837521 0.0795358 0.0828276 0.0810905 0.0818625 0.0837896 0.0772209 0.0822485 0.0800457 0.0813306 0.0840911 0.0831801 0.0833723 0.0831755 0.0862536 0.0832855 0.081356 0.0849966 0.0801674
0.081908 0.0789485 0.0818862 0.0778768 0.0834762 0.0827765 0.0778314 0.0828319 0.0801254 0.0829718 0.0831192 0.0764733 0.0801518 0.0792261 0.0811877 0.081764 0.0827108 0.0835431 0.0794213 0.0868017 0.0847099 0.0788026 0.0829298 0.0782531
0.100144 0.0962396 0.100294 0.0934437 0.101849 0.0997291 0.0980197 0.100129 0.0982557 0.0978649 0.101182 0.0950397 0.103013 0.0981982 0.0983761 0.101523 0.102622 0.101722 0.0985183 0.100676 0.102885 0.0990253 0.102376 0.0963443
0.0813772 0.0783603 0.0831422 0.0768318 0.0836479 0.084121 0.077808 0.082381 0.0813175 0.0807669 0.0824029 0.0770773 0.082101 0.077504 0.0825645 0.0828348 0.0836942 0.0828223 0.0795408 0.087109 0.0843464 0.0802058 0.0839258 0.0791827
0.0911423 0.0885123 0.0924339 0.0841411 0.0932367 0.092741 0.0886895 0.0922187 0.0894958 0.0895205 0.0938772 0.0869278 0.0919894 0.088932 0.0907916 0.0910368 0.094116 0.0918971 0.0907699 0.0952242 0.0936579 0.0896735 0.0936953 0.0870284
0.0810555 0.0777649 0.0824471 0.0757224 0.0834821 0.0841496 0.0790071 0.0829675 0.0819454 0.0820491 0.0804123 0.0778746 0.0811308 0.0785138 0.0826751 0.0826667 0.0824439 0.0815788 0.0804687 0.0851781 0.0822193 0.0785286 0.0832782 0.0801647
0.080261 0.0776812 0.0808491 0.0776505 0.0824312 0.0811435 0.0768047 0.0807673 0.0784384 0.0814138 0.0813996 0.076656 0.079785 0.0784184 0.0779391 0.0817865 0.0806928 0.0828807 0.079031 0.084683 0.0825662 0.0792132 0.0826706 0.0782883
0.0808164 0.0776648 0.0820841 0.0764163 0.0825634 0.0831501 0.0787128 0.0826866 0.0793223 0.08158 0.0807222 0.0755382 0.083204 0.0799318 0.0815851 0.0821673 0.0821813 0.0828734 0.0808812 0.0860164 0.0847129 0.0799824 0.0822059 0.0779831
0.0825682 0.0778371 0.0846085 0.0773293 0.0855139 0.0849001 0.0812618 0.0832642 0.081231 0.0830358 0.0822722 0.078897 0.0836564 0.0798669 0.0835095 0.0848096 0.0817955 0.0830552 0.0823284 0.0851531 0.0862252 0.0794485 0.0837294 0.0801965
0.0850449 0.0812513 0.0853801 0.0804982 0.0884002 0.0877667 0.0820715 0.0860417 0.0842437 0.0830159 0.0860229 0.0796384 0.0846844 0.0828836 0.084887 0.0875167 0.0860886 0.0848883 0.0837716 0.0894047 0.0861183 0.0848361 0.0865461 0.0825915
0.0881769 0.0852108 0.0877641 0.0828688 0.0889782 0.0875317 0.0853636 0.0882535 0.0855696 0.0841932 0.0917652 0.0842443 0.0900476 0.0861558 0.0852942 0.0885807 0.0897793 0.0889318 0.0874602 0.0895647 0.0896904 0.0882391 0.090392 0.0847816
0.0900219 0.0873322 0.0904371 0.0853359 0.0916823 0.0894045 0.0885309 0.0900734 0.0879623 0.0857241 0.0929798 0.0860263 0.0909985 0.0881956 0.0884348 0.0912408 0.0910628 0.0923155 0.0896257 0.0920908 0.0925768 0.0899055 0.0917789 0.0868966
0.121701 0.11925 0.120214 0.118065 0.123087 0.121838 0.121161 0.120131 0.121874 0.122462 0.123904 0.118564 0.121357 0.119755 0.119035 0.12536 0.123039 0.120529 0.122432 0.123477 0.125587 0.11936 0.121079 0.121952
