0.18246 0.175637 0.182537 0.172334 0.181533 0.182053 0.178975 0.185857 0.179849 0.177395 0.185606 0.176925 0.185365 0.178065 0.177485 0.180887 0.188429 0.189144 0.182446 0.185591 0.186556 0.18094 0.186153 0.176128
0.186671 0.180899 0.186194 0.173905 0.186429 0.186642 0.182444 0.190283 0.186336 0.182808 0.191211 0.178987 0.186584 0.181454 0.180127 0.186749 0.193212 0.190953 0.187023 0.189123 0.191556 0.187397 0.190483 0.18063
0.185968 0.178839 0.187789 0.173439 0.193644 0.184391 0.18106 0.187187 0.180737 0.178707 0.190925 0.174651 0.187463 0.180298 0.183875 0.188041 0.191453 0.189077 0.180201 0.192312 0.190861 0.186413 0.189896 0.175167
0.186827 0.179174 0.187408 0.175631 0.187335 0.18882 0.183057 0.190369 0.186579 0.181045 0.191387 0.17832 0.188788 0.18226 0.181301 0.185995 0.192403 0.191971 0.187557 0.188955 0.190043 0.187032 0.191741 0.181711
0.186324 0.18117 0.187113 0.173557 0.188198 0.186738 0.183062 0.189394 0.184621 0.178641 0.19062 0.178443 0.187158 0.182049 0.18298 0.185837 0.191824 0.18998 0.188034 0.189864 0.191065 0.185337 0.190171 0.180527
0.183407 0.178932 0.181636 0.171811 0.183954 0.183372 0.181471 0.186468 0.18338 0.178638 0.187894 0.176573 0.182766 0.18119 0.177302 0.181394 0.190966 0.186011 0.185853 0.186322 0.18778 0.183461 0.186366 0.177877
0.175168 0.168364 0.176664 0.162145 0.176372 0.17438 0.172555 0.178689 0.173884 0.170182 0.177033 0.169994 0.176309 0.172652 0.167971 0.176473 0.179112 0.177454 0.179519 0.179634 0.178531 0.173025 0.177207 0.170494
0.184156 0.178077 0.183907 0.173469 0.18682 0.183497 0.18167 0.186825 0.182486 0.179518 0.186703 0.17671 0.184678 0.180149 0.179564 0.183547 0.18935 0.188574 0.185412 0.189374 0.190011 0.184113 0.185705 0.179536
0.241608 0.237171 0.24381 0.226992 0.243841 0.238 0.244268 0.242698 0.240861 0.244522 0.236492 0.237628 0.240139 0.231871 0.237655 0.241554 0.248548 0.237935 0.239243 0.249728 0.251735 0.235979 0.241352 0.23671
0.248666 0.247052 0.247076 0.237668 0.251684 0.247729 0.24481 0.248296 0.246142 0.252985 0.246913 0.242633 0.250253 0.242506 0.246073 0.2493 0.256199 0.249169 0.247609 0.259245 0.255656 0.24247 0.246202 0.246222
0.179239 0.174622 0.179646 0.16785 0.181729 0.176116 0.175405 0.180642 0.173925 0.17281 0.184678 0.173596 0.181959 0.17434 0.175226 0.179636 0.182143 0.183443 0.179643 0.183441 0.182816 0.179125 0.183947 0.172793
0.146831 0.137551 0.153928 0.131335 0.153193 0.152357 0.151869 0.148752 0.145736 0.154493 0.142135 0.145207 0.147362 0.13941 0.148301 0.147937 0.151117 0.147553 0.146928 0.152517 0.14815 0.138728 0.150945 0.144126
0.184175 0.18005 0.182603 0.174411 0.186888 0.182973 0.178852 0.1865 0.179433 0.176615 0.190296 0.176651 0.18762 0.180618 0.178258 0.183588 0.189172 0.190124 0.183262 0.186723 0.186656 0.186331 0.188323 0.178727
0.191745 0.186533 0.189818 0.183657 0.192036 0.193015 0.186664 0.194583 0.189642 0.185838 0.195729 0.182921 0.194164 0.187375 0.185177 0.190745 0.196761 0.196283 0.191303 0.193536 0.194191 0.192694 0.194266 0.185834
0.154002 0.148549 0.16074 0.14145 0.15589 0.159267 0.15056 0.155217 0.151898 0.160293 0.148913 0.146458 0.160527 0.146978 0.155148 0.157267 0.16101 0.162139 0.151686 0.162406 0.156927 0.149636 0.160577 0.146858
0.177008 0.172119 0.178416 0.166416 0.178225 0.17487 0.174648 0.178423 0.175157 0.167202 0.183241 0.169275 0.180093 0.171878 0.17504 0.177704 0.183039 0.181176 0.180341 0.181536 0.179694 0.177834 0.182922 0.170251
0.190572 0.186147 0.188642 0.179175 0.192406 0.188673 0.185108 0.191711 0.187124 0.185959 0.194354 0.183722 0.191355 0.185521 0.184636 0.189958 0.196814 0.195316 0.188472 0.192341 0.193177 0.191753 0.194258 0.184411
0.14124 0.132775 0.146878 0.129857 0.147766 0.145191 0.139864 0.143264 0.136037 0.145985 0.14437 0.132463 0.141223 0.137909 0.147659 0.139661 0.143521 0.143616 0.144617 0.147058 0.146029 0.137267 0.145749 0.135136
0.173132 0.165282 0.174958 0.163384 0.178319 0.173448 0.168518 0.176526 0.170885 0.173468 0.173322 0.163403 0.177055 0.166856 0.170928 0.17469 0.17674 0.178169 0.175591 0.183805 0.17616 0.168314 0.174435 0.167495
0.16133 0.155238 0.162012 0.151631 0.167365 0.164973 0.154231 0.163106 0.157113 0.160152 0.163067 0.151697 0.163339 0.157876 0.161292 0.164888 0.163798 0.161959 0.159815 0.171276 0.16724 0.159825 0.163803 0.155423
0.165991 0.159208 0.16638 0.156365 0.1703 0.169782 0.159678 0.167486 0.162911 0.166911 0.167355 0.155907 0.167302 0.162035 0.166408 0.169397 0.169576 0.167922 0.161542 0.17437 0.171393 0.16274 0.169567 0.160521
0.17511 0.168754 0.173017 0.163521 0.177521 0.173542 0.17035 0.175558 0.171215 0.170123 0.180161 0.165641 0.174774 0.168261 0.168694 0.174224 0.179556 0.178485 0.17607 0.178758 0.178936 0.175264 0.183501 0.169532
0.109377 0.105509 0.113203 0.0998531 0.113301 0.108071 0.104857 0.108713 0.104697 0.107708 0.111616 0.0987642 0.104997 0.105278 0.109525 0.111073 0.114589 0.116539 0.106851 0.109739 0.113092 0.112293 0.11067 0.100577
0.153222 0.148892 0.155694 0.142914 0.163314 0.151661 0.146363 0.153193 0.14762 0.1506 0.161132 0.141493 0.151682 0.145152 0.154974 0.154355 0.15698 0.157372 0.151359 0.160346 0.159511 0.154469 0.159795 0.143551
0.18022 0.175038 0.179181 0.17082 0.183561 0.176839 0.176908 0.18195 0.175276 0.172986 0.184038 0.172779 0.182603 0.176509 0.177333 0.179879 0.185392 0.185599 0.182447 0.183807 0.182162 0.180148 0.183328 0.174258
0.233652 0.231753 0.235341 0.225798 0.234386 0.23362 0.234607 0.231419 0.229733 0.233199 0.231734 0.22666 0.23796 0.230445 0.229723 0.237819 0.239504 0.235395 0.233679 0.241417 0.238883 0.232345 0.233761 0.231276
0.236526 0.231371 0.237102 0.227695 0.235201 0.235449 0.23625 0.233636 0.234195 0.241269 0.236294 0.22576 0.237757 0.232736 0.231625 0.240261 0.242908 0.241232 0.238288 0.245505 0.243952 0.230955 0.237849 0.23092
0.167356 0.161383 0.170322 0.157332 0.175837 0.170371 0.160882 0.168439 0.165298 0.16611 0.17201 0.157982 0.167358 0.158886 0.169334 0.171322 0.169868 0.170634 0.16443 0.175746 0.172177 0.164195 0.173354 0.160218
0.255626 0.252084 0.256522 0.243538 0.259635 0.251779 0.254361 0.252428 0.250079 0.256132 0.251287 0.247246 0.256718 0.248727 0.252559 0.26133 0.260706 0.256444 0.252929 0.264104 0.262005 0.252639 0.252024 0.253593
0.122145 0.121056 0.121456 0.115308 0.123874 0.12364 0.11695 0.125134 0.122428 0.123199 0.125576 0.113034 0.117651 0.125036 0.118169 0.124934 0.129419 0.123713 0.122329 0.125287 0.125058 0.126563 0.124339 0.112324
0.138337 0.131734 0.141761 0.12841 0.141302 0.140724 0.133328 0.137984 0.131031 0.137405 0.142679 0.131941 0.136082 0.135138 0.138736 0.139335 0.141005 0.139199 0.142172 0.144756 0.145577 0.137749 0.142544 0.131179
0.16563 0.158846 0.167517 0.155336 0.172876 0.167555 0.158642 0.170216 0.161574 0.164845 0.16653 0.157189 0.166515 0.161661 0.165786 0.167728 0.166645 0.168556 0.163225 0.173304 0.170965 0.165525 0.170017 0.161366
0.177978 0.171659 0.177473 0.166698 0.182039 0.174614 0.173885 0.177673 0.171335 0.169191 0.184171 0.170295 0.178759 0.17396 0.174333 0.177152 0.182216 0.182891 0.175558 0.180294 0.184223 0.179631 0.184209 0.168996
0.181173 0.17502 0.182308 0.169289 0.182441 0.177819 0.17701 0.184251 0.177919 0.173454 0.184194 0.173532 0.18268 0.17578 0.181801 0.179817 0.188994 0.184851 0.178032 0.18312 0.183069 0.180636 0.185567 0.173746
0.165775 0.159614 0.168828 0.153479 0.169042 0.171488 0.16082 0.169607 0.16633 0.166958 0.16746 0.156893 0.166632 0.160717 0.166015 0.170227 0.168249 0.168601 0.162118 0.17629 0.169742 0.159769 0.170303 0.161674
0.162229 0.156859 0.164329 0.152326 0.167563 0.167076 0.154467 0.164712 0.160621 0.163825 0.164395 0.153375 0.164032 0.155522 0.164606 0.166951 0.16489 0.162988 0.155174 0.173006 0.167446 0.159175 0.16695 0.157405
0.161306 0.154544 0.163602 0.151284 0.165238 0.165792 0.151943 0.161907 0.157721 0.162385 0.16504 0.148864 0.162772 0.156615 0.163645 0.164447 0.163896 0.165248 0.159535 0.172039 0.163443 0.157118 0.166995 0.154607
0.163347 0.157689 0.164124 0.156391 0.166773 0.168225 0.15934 0.165824 0.161491 0.160838 0.168593 0.156114 0.161316 0.159989 0.164347 0.165942 0.167425 0.164481 0.162564 0.172218 0.169499 0.160811 0.16814 0.156606
0.170561 0.162206 0.172992 0.15805 0.174317 0.174507 0.165251 0.172158 0.168175 0.171443 0.172327 0.164012 0.169816 0.169369 0.170061 0.173766 0.175301 0.169618 0.171374 0.177686 0.174977 0.16682 0.173412 0.166777
0.164591 0.157703 0.167773 0.157054 0.170179 0.167504 0.159072 0.165655 0.162181 0.163725 0.167579 0.154442 0.164497 0.160091 0.162661 0.168182 0.16636 0.166745 0.166351 0.172507 0.166571 0.162712 0.169993 0.160335
0.163816 0.157897 0.163772 0.155754 0.166952 0.165553 0.155663 0.165664 0.160251 0.165944 0.166238 0.152947 0.160304 0.158452 0.162375 0.163528 0.165422 0.167086 0.158843 0.173603 0.16942 0.157605 0.16586 0.156506
0.200287 0.192479 0.200587 0.186887 0.203698 0.199458 0.196039 0.200257 0.196511 0.19573 0.202365 0.190079 0.206027 0.196396 0.196752 0.203046 0.205245 0.203444 0.197037 0.201352 0.20577 0.198051 0.204752 0.192689
0.162754 0.156721 0.166284 0.153664 0.167296 0.168242 0.155616 0.164762 0.162635 0.161534 0.164806 0.154155 0.164202 0.155008 0.165129 0.16567 0.167388 0.165645 0.159082 0.174218 0.168693 0.160412 0.167852 0.158365
0.182285 0.177025 0.184868 0.168282 0.186473 0.185482 0.177379 0.184437 0.178992 0.179041 0.187754 0.173856 0.183979 0.177864 0.181583 0.182074 0.188232 0.183794 0.18154 0.190448 0.187316 0.179347 0.187391 0.174057
0.162111 0.15553 0.164894 0.151445 0.166964 0.168299 0.158014 0.165935 0.163891 0.164098 0.160825 0.155749 0.162262 0.157028 0.16535 0.165333 0.164888 0.163158 0.160937 0.170356 0.164439 0.157057 0.166556 0.160329
0.160522 0.155362 0.161698 0.155301 0.164862 0.162287 0.153609 0.161535 0.156877 0.162828 0.162799 0.153312 0.15957 0.156837 0.155878 0.163573 0.161386 0.165761 0.158062 0.169366 0.165132 0.158426 0.165341 0.156577
0.161633 0.15533 0.164168 0.152833 0.165127 0.1663 0.157426 0.165373 0.158645 0.16316 0.161444 0.151076 0.166408 0.159864 0.16317 0.164335 0.164363 0.165747 0.161762 0.172033 0.169426 0.159965 0.164412 0.155966
0.165136 0.155674 0.169217 0.154659 0.171028 0.1698 0.162524 0.166528 0.162462 0.166072 0.164544 0.157794 0.167313 0.159734 0.167019 0.169619 0.163591 0.16611 0.164657 0.170306 0.17245 0.158897 0.167459 0.160393
0.17009 0.162503 0.17076 0.160996 0.1768 0.175533 0.164143 0.172083 0.168487 0.166032 0.172046 0.159277 0.169369 0.165767 0.169774 0.175033 0.172177 0.169777 0.167543 0.178809 0.172237 0.169672 0.173092 0.165183
0.176354 0.170422 0.175528 0.165738 0.177956 0.175063 0.170727 0.176507 0.171139 0.168386 0.18353 0.168489 0.180095 0.172312 0.170588 0.177161 0.179559 0.177864 0.17492 0.179129 0.179381 0.176478 0.180784 0.169563
0.180044 0.174664 0.180874 0.170672 0.183365 0.178809 0.177062 0.180147 0.175925 0.171448 0.18596 0.172053 0.181997 0.176391 0.17687 0.182482 0.182126 0.184631 0.179251 0.184182 0.185154 0.179811 0.183558 0.173793
0.243402 0.238501 0.240428 0.23613 0.246174 0.243676 0.242322 0.240262 0.243747 0.244924 0.247808 0.237128 0.242713 0.23951 0.23807 0.25072 0.246079 0.241057 0.244864 0.246955 0.251174 0.23872 0.242159 0.243904
